14 5 66
14 6 69
13 8 73
12 9 77
12 10 83
11 12 95
7 11 102
10 13 98
11 12 92
12 15 91
13 14 82
11 10 76
14 11 71
13 10 68
15 11 61
18 14 58
19 16 54
19 16 50
19 14 42
20 12 39
18 10 31
20 11 31
22 10 28
22 9 25
23 8 22
24 9 22
25 9 18
25 8 18
26 7 18
27 7 16
27 7 19
30 9 18
31 9 14
32 8 16
35 10 15
35 10 16
34 9 14
37 10 16
37 9 15
37 9 16
40 11 18
41 12 19
40 11 15
40 11 18
40 10 14
40 11 16
40 11 14
40 12 17
38 12 17
36 11 20
35 11 23
32 10 26
29 9 28
28 9 30
28 9 26
25 7 30
24 7 31
22 6 35
21 6 35
19 5 37
17 4 36
15 3 39
15 3 34
14 3 33
14 5 67
13 4 68
13 6 73
13 8 78
12 9 85
10 10 96
10 11 100
12 13 95
11 12 89
12 13 89
13 13 83
13 11 72
14 11 69
14 8 61
15 10 55
17 12 52
20 15 49
21 15 45
22 13 36
24 14 27
23 12 27
24 11 24
24 11 24
24 10 23
25 9 19
24 8 20
25 8 21
27 9 15
29 9 16
30 9 20
30 9 19
30 8 18
34 11 16
34 10 18
35 10 18
36 10 21
36 10 20
36 9 21
39 11 20
38 10 24
40 11 20
40 12 18
42 13 16
40 11 19
39 10 16
40 10 18
41 11 12
39 10 15
41 12 15
38 11 18
36 11 20
35 10 23
33 9 24
30 9 25
29 9 23
27 8 27
27 8 26
24 7 29
24 7 30
21 6 34
19 5 36
18 5 38
18 5 35
15 4 36
15 9 71
14 6 72
12 3 73
12 6 78
12 7 86
11 10 98
10 9 97
12 11 90
12 11 89
11 12 84
14 13 78
13 10 66
13 8 60
16 10 56
17 10 51
19 12 48
22 16 44
21 14 38
22 13 34
24 13 26
25 12 24
25 11 21
24 10 21
25 10 19
25 9 19
26 8 19
28 10 19
29 10 17
29 8 18
31 10 20
31 9 21
32 9 22
34 10 19
35 10 20
36 10 20
37 11 24
37 10 25
37 10 27
36 11 31
40 12 24
41 13 23
43 14 18
42 13 19
41 11 18
40 11 19
39 10 18
38 9 19
39 10 17
40 11 16
40 11 16
39 12 20
37 11 20
35 10 21
32 9 24
32 9 25
31 9 22
28 8 25
27 8 26
25 7 30
23 6 30
22 6 29
21 6 33
20 6 36
19 6 32
13 7 71
14 9 76
12 6 75
12 4 79
13 9 92
12 8 94
12 8 91
13 11 89
12 11 86
13 12 75
14 12 71
14 11 66
15 8 52
15 7 49
18 9 44
19 10 39
21 13 36
24 15 32
25 13 28
24 13 26
26 12 21
26 12 19
26 10 18
27 11 17
27 11 18
29 10 18
31 11 20
30 10 22
31 9 21
31 8 20
33 9 23
34 10 24
36 11 24
37 11 25
38 12 26
37 11 27
37 12 32
35 11 34
38 13 32
41 14 26
42 15 24
42 14 22
43 14 23
42 13 22
40 11 21
39 10 23
39 10 22
39 11 20
42 12 17
40 12 18
39 11 18
39 11 17
37 11 17
36 10 20
33 10 22
32 9 20
30 9 23
29 9 22
27 8 26
25 7 26
23 6 29
23 6 29
21 6 32
21 6 31
13 9 74
14 11 79
14 9 79
13 9 88
12 7 95
13 8 94
12 8 93
9 6 88
11 9 81
13 13 74
14 11 65
15 12 63
16 9 51
16 8 43
16 7 40
19 9 34
21 11 31
25 15 28
26 14 26
25 13 25
24 10 21
26 11 19
26 10 18
27 10 20
29 11 19
30 11 22
30 10 24
30 10 27
31 9 28
33 9 24
35 11 28
36 11 28
38 12 25
37 13 29
36 12 33
35 12 36
35 13 37
36 14 35
38 15 34
39 15 33
41 16 30
42 16 30
40 14 27
40 12 25
39 11 27
40 12 27
40 12 25
38 10 28
39 11 21
41 11 16
41 11 15
39 10 18
40 11 16
39 11 18
36 10 18
34 9 20
33 10 18
31 9 21
30 8 21
27 8 24
27 7 24
23 6 28
23 7 28
20 5 34
14 10 76
13 8 77
13 10 82
13 10 90
11 9 102
13 8 95
11 6 90
11 7 84
13 10 77
15 13 69
14 10 60
16 10 53
15 10 52
17 8 40
19 8 34
23 11 26
25 12 23
27 15 26
28 15 23
27 14 23
26 12 22
28 12 18
30 12 19
31 12 19
33 13 19
31 11 25
30 9 27
31 9 30
33 10 31
35 12 28
35 12 31
34 12 32
35 13 33
34 13 39
33 12 42
35 14 42
36 15 39
37 16 41
37 15 39
40 16 39
38 15 37
39 14 33
38 13 32
40 14 30
39 12 32
40 12 31
39 12 31
37 10 32
39 11 25
40 12 21
40 11 19
40 11 18
40 11 17
38 10 20
38 10 17
37 11 20
36 10 16
35 10 18
32 9 18
31 9 20
29 8 21
27 7 26
26 8 25
24 7 28
13 11 79
12 9 81
11 8 81
11 8 89
9 7 98
10 6 91
10 6 87
12 7 78
13 9 68
17 14 63
17 13 55
16 9 49
19 11 45
21 11 33
23 10 26
26 12 22
27 14 25
29 17 25
28 14 22
29 14 22
29 14 21
31 14 17
34 15 18
33 13 21
33 12 23
35 12 28
34 12 30
33 12 35
34 13 36
35 14 35
34 13 35
34 14 37
32 13 45
34 14 42
33 14 44
36 16 43
35 15 46
37 16 43
37 16 45
38 17 43
36 15 44
39 16 38
39 15 38
40 15 37
39 14 37
38 11 35
37 11 37
39 12 36
38 11 32
40 12 24
41 12 21
42 13 18
39 11 20
39 11 21
38 10 20
39 11 17
39 11 18
38 11 14
35 10 17
34 10 16
32 9 20
32 10 18
29 8 21
27 8 24
13 12 83
12 10 84
11 9 84
9 9 94
10 9 96
10 7 95
13 9 83
13 9 72
15 10 64
13 9 57
16 11 52
18 11 44
19 10 36
23 12 33
24 10 22
25 11 21
30 16 23
30 17 24
30 16 21
31 16 24
33 16 22
33 15 26
34 15 25
34 14 28
33 14 31
32 13 36
33 13 38
32 13 44
32 13 43
33 15 46
33 15 46
32 15 49
30 14 53
31 16 50
33 17 49
33 17 49
33 18 51
35 17 49
36 17 48
36 17 49
36 18 50
38 16 42
36 15 43
39 15 43
39 14 41
38 13 41
39 13 41
39 12 38
40 13 35
41 12 27
41 12 23
41 12 20
41 12 21
40 11 20
41 13 20
40 11 19
38 10 19
38 10 14
38 11 15
38 11 14
35 10 19
34 10 19
31 9 21
32 10 20
11 10 83
11 12 86
10 10 87
8 8 91
11 10 93
11 9 89
13 9 76
14 11 67
14 9 57
15 10 48
17 11 42
19 12 39
21 11 33
24 13 28
26 14 22
28 13 19
31 15 20
33 19 21
34 18 21
34 17 23
35 17 24
35 16 26
35 16 30
35 16 31
34 17 37
32 15 38
32 15 46
31 14 47
32 16 48
30 15 52
31 16 53
31 16 53
28 18 58
29 19 57
30 20 57
32 21 58
32 18 54
33 19 54
32 19 57
33 20 57
34 19 53
33 18 53
35 15 47
37 17 47
38 15 46
37 14 45
37 13 46
38 12 43
38 12 38
39 12 35
40 12 28
41 13 24
44 13 20
43 13 18
41 13 24
40 12 22
38 10 22
37 10 19
39 11 17
38 11 16
38 11 18
37 11 16
34 10 20
34 11 20
11 11 83
10 11 87
9 9 88
10 10 86
12 12 90
14 12 82
12 11 74
14 12 61
15 12 54
17 13 44
17 10 36
21 15 35
22 14 28
23 14 25
28 18 24
31 19 21
34 21 20
37 23 21
38 21 21
35 19 28
34 19 33
34 18 34
34 17 38
34 17 38
32 17 44
30 15 46
30 15 51
31 17 52
31 16 54
30 17 58
26 21 62
26 22 61
25 21 64
27 22 64
27 20 61
28 22 61
30 21 60
31 23 61
31 23 62
33 23 59
32 19 56
32 20 57
34 19 52
36 19 51
35 17 52
36 17 52
36 16 51
37 14 47
36 11 43
39 12 38
41 14 33
43 14 27
43 13 25
42 13 22
41 13 22
41 13 22
40 12 21
39 11 22
39 11 15
40 12 14
38 11 16
37 11 18
39 12 16
37 12 17
11 12 85
9 9 86
9 11 92
8 9 86
8 7 81
15 15 78
14 13 67
15 13 57
17 16 48
19 17 42
21 16 34
21 17 33
24 17 26
25 20 30
27 19 26
33 26 26
36 27 28
34 25 27
34 25 32
35 25 38
34 22 37
33 24 47
32 21 47
32 21 49
31 20 52
31 19 54
29 17 58
29 18 63
27 21 63
23 24 69
23 23 70
23 24 69
24 23 68
25 23 66
26 23 68
27 24 67
29 24 64
29 26 68
30 25 66
28 22 63
28 21 62
29 22 62
31 21 58
31 19 58
33 20 56
33 18 54
35 17 54
35 14 50
38 15 46
40 14 42
41 13 37
42 14 32
42 13 27
42 13 23
44 14 21
42 13 22
41 13 23
41 12 24
40 11 19
39 10 18
39 11 15
39 12 16
41 13 15
39 12 16
11 13 85
10 12 88
10 13 93
8 8 83
12 10 73
14 11 69
16 15 58
17 16 53
18 16 37
19 19 36
20 20 34
22 19 26
27 23 28
29 24 28
31 25 27
33 28 30
35 31 33
34 30 36
35 31 39
33 30 44
33 28 47
33 26 51
31 26 57
31 25 59
31 23 59
29 23 67
26 25 69
23 26 73
19 30 80
20 26 77
19 25 77
21 25 75
23 26 73
23 27 72
23 27 76
26 27 70
25 28 73
27 28 69
27 27 71
26 25 69
27 24 67
28 24 64
30 25 63
29 22 63
31 21 58
33 20 59
33 19 59
34 18 54
37 17 50
38 15 45
39 13 42
41 14 37
42 14 31
44 16 27
45 15 23
43 14 23
42 13 22
41 13 22
40 13 25
41 12 18
41 12 15
41 12 14
40 12 17
38 11 17
10 12 85
10 13 88
9 10 89
11 12 80
13 12 68
17 14 62
18 17 54
17 16 47
19 16 31
21 21 28
23 23 26
25 25 29
28 26 27
31 30 29
32 30 31
34 32 32
35 34 36
35 35 42
33 34 46
34 35 50
32 32 54
31 31 59
30 31 64
30 29 66
29 28 66
24 33 73
20 34 81
17 36 86
18 32 82
18 30 81
18 29 82
19 28 81
19 29 82
20 29 79
22 30 80
23 30 81
23 29 78
24 28 76
26 28 74
25 27 72
25 27 74
25 26 71
25 23 72
27 24 69
29 22 63
28 23 67
30 22 65
34 21 58
34 17 54
36 17 50
38 16 47
41 16 43
42 15 38
43 15 33
44 16 29
43 14 24
42 13 25
42 14 24
42 14 24
42 14 25
42 13 19
40 12 19
38 11 19
39 12 17
10 12 86
10 11 88
8 9 90
11 11 76
14 14 65
17 16 57
16 14 47
19 18 40
19 18 33
20 18 21
24 25 27
26 29 30
31 35 33
35 42 38
36 42 42
37 43 47
35 42 52
37 43 53
36 40 55
34 39 60
31 37 64
32 37 68
28 33 71
26 38 76
21 37 83
20 37 83
15 39 91
15 38 90
16 35 88
15 33 88
16 30 83
16 28 85
18 30 83
19 31 83
20 32 83
20 31 85
22 32 83
23 31 80
22 31 79
22 29 78
23 28 77
23 27 75
24 26 74
26 26 73
25 26 73
27 24 71
29 23 67
32 21 62
34 20 59
35 18 53
38 17 48
39 16 46
42 17 40
43 15 36
43 15 29
43 14 29
44 15 25
45 15 22
44 16 25
43 14 27
41 13 20
42 13 19
41 12 14
39 11 18
10 10 84
10 12 88
9 10 90
11 11 72
14 13 57
18 16 50
18 17 44
21 20 36
22 21 27
23 23 22
27 27 23
30 33 25
37 41 33
39 47 39
41 53 50
39 52 55
40 52 56
40 54 62
39 53 66
38 49 69
38 51 74
35 50 79
31 51 81
24 48 88
20 48 94
16 45 94
15 42 93
16 39 89
14 37 90
15 35 85
13 30 86
14 31 87
16 32 85
17 31 86
18 33 89
19 33 88
19 35 91
19 33 87
20 33 86
21 31 82
19 30 82
20 30 80
22 30 79
25 29 76
25 28 78
25 25 73
25 25 73
30 24 67
33 23 62
35 21 59
36 20 54
39 19 49
40 18 44
41 15 40
42 15 33
44 15 31
46 16 26
46 17 26
43 15 26
44 15 25
43 15 26
42 14 23
41 13 20
41 12 19
10 10 84
9 10 88
12 12 84
14 13 67
15 12 51
19 16 44
19 17 38
21 18 26
25 27 24
28 30 25
32 33 22
37 43 28
38 46 37
41 52 47
45 63 56
44 63 66
43 61 67
43 61 74
43 64 75
43 63 80
41 64 81
33 64 88
29 63 94
24 61 100
19 60 106
16 51 100
17 48 96
16 41 91
16 41 91
15 36 88
15 34 86
14 32 88
14 32 87
15 34 92
15 34 90
16 36 92
18 35 91
18 33 87
19 33 87
19 33 85
17 32 89
18 32 85
20 31 84
21 30 85
20 29 83
23 27 79
24 27 78
29 26 70
31 25 67
34 24 63
34 21 59
37 20 52
38 18 50
40 18 44
42 17 40
44 16 36
44 15 30
45 16 27
45 16 27
44 16 27
43 15 29
44 16 25
43 15 22
41 13 22
10 10 85
10 10 88
13 14 82
15 14 66
16 15 49
20 19 40
21 19 32
22 21 24
25 26 22
32 36 26
37 41 26
39 46 34
43 56 47
43 59 54
43 62 63
46 70 74
46 71 78
44 71 88
46 73 87
43 74 93
38 73 96
32 77 102
27 76 110
25 71 108
21 64 108
20 57 104
19 54 98
16 47 97
15 40 92
15 37 89
13 34 90
12 34 91
15 33 87
14 36 91
15 37 93
15 36 92
14 34 92
14 34 91
16 35 87
14 33 88
16 34 88
17 33 88
17 33 87
19 32 88
19 31 86
20 29 85
23 30 82
27 28 75
30 27 70
33 25 65
35 23 61
35 22 59
36 21 54
39 19 49
41 20 43
42 15 38
44 17 35
46 17 31
47 17 27
46 17 26
45 16 28
43 15 27
44 16 23
43 14 22
10 11 87
9 10 87
12 11 79
17 17 63
19 17 47
21 17 30
23 22 28
26 28 24
31 33 22
38 43 26
42 48 32
44 54 38
43 59 50
46 66 60
45 68 69
45 71 75
47 79 90
48 80 94
45 79 99
43 84 102
37 86 108
33 84 112
31 80 112
25 71 111
24 69 109
23 61 102
19 57 104
19 52 99
16 45 93
14 41 93
14 38 91
14 33 86
14 36 89
15 36 91
17 36 89
14 37 92
12 36 93
13 35 91
13 35 91
14 34 90
15 35 88
14 33 90
15 33 89
16 33 91
18 32 86
17 31 91
21 31 84
25 29 78
29 28 74
31 27 69
33 27 65
35 24 60
37 23 56
36 20 51
39 21 48
42 20 43
43 19 39
45 17 36
47 18 33
48 18 27
45 16 28
44 16 29
45 16 26
48 18 21
11 12 87
11 12 85
14 13 75
19 18 58
20 17 41
22 20 27
26 26 26
30 36 26
37 42 25
41 46 28
45 55 38
46 58 43
46 62 51
48 72 64
48 75 75
49 78 80
47 83 94
48 86 103
45 90 110
41 95 111
38 92 114
35 87 112
32 83 115
29 74 109
29 71 108
25 65 105
26 62 103
25 59 97
24 53 92
20 48 92
21 42 88
20 38 83
20 36 83
20 36 83
21 40 87
17 38 88
13 36 92
11 35 92
10 37 94
11 35 93
12 34 89
12 35 92
14 33 88
14 34 90
14 32 91
14 31 92
18 31 89
23 32 83
25 30 79
30 29 73
32 29 70
33 26 64
33 23 61
36 22 55
38 22 53
40 21 48
42 21 45
44 20 40
45 17 34
46 18 30
46 17 30
47 18 30
48 19 31
51 21 28
9 9 85
12 14 82
16 16 71
18 15 54
23 21 36
26 27 25
29 33 26
37 45 27
45 51 25
46 54 32
49 62 41
47 65 53
49 69 55
50 74 67
50 79 76
49 82 86
48 84 93
43 89 106
41 97 115
38 96 122
38 91 114
39 89 112
39 84 110
37 78 106
35 72 104
33 71 103
31 64 98
31 61 96
30 54 88
30 52 86
28 47 82
25 44 84
27 42 79
27 42 78
24 42 83
21 40 86
18 40 88
14 39 91
11 37 94
10 36 93
9 35 92
10 36 94
13 36 89
12 35 94
13 32 90
14 33 92
17 33 89
21 32 83
25 32 79
28 31 74
30 29 69
31 26 67
33 25 62
35 25 60
38 24 55
39 25 50
40 21 46
43 21 42
45 20 39
47 21 35
50 22 33
53 23 27
55 23 30
56 24 28
10 10 83
13 16 81
18 18 68
20 18 53
24 23 35
26 31 25
31 39 27
36 44 29
47 55 31
48 60 39
47 63 47
48 72 61
49 75 64
49 78 74
49 82 80
47 85 94
45 86 102
40 97 115
37 94 118
35 91 124
41 92 115
41 88 111
45 86 107
43 81 103
42 79 103
39 73 100
39 70 98
36 64 94
37 60 86
36 56 84
32 51 81
31 46 79
32 43 74
30 43 76
27 43 79
24 43 81
21 41 85
16 39 86
15 39 90
9 39 95
9 39 94
9 37 94
10 34 91
9 33 92
11 35 94
11 33 94
15 33 90
19 32 85
23 32 79
26 30 74
29 29 69
30 27 65
33 26 63
34 26 62
36 25 57
36 23 53
40 23 47
42 25 47
45 25 43
48 26 39
52 27 35
55 27 32
58 30 29
60 30 28
12 13 80
13 12 76
20 19 64
23 25 53
25 29 40
30 38 29
32 44 32
40 50 30
48 60 34
48 63 39
48 67 48
48 72 58
50 80 70
50 83 75
47 83 85
46 88 98
43 92 108
39 88 112
34 85 117
35 84 117
40 88 117
47 92 107
51 92 104
48 87 104
48 84 100
49 78 96
46 73 93
43 68 90
43 65 88
42 60 83
39 56 80
39 51 75
36 44 74
34 42 72
31 41 73
29 42 76
23 41 81
20 41 84
17 42 88
13 41 91
11 38 90
10 38 91
8 36 95
7 35 95
8 34 97
8 34 96
12 35 93
16 32 85
22 32 80
25 31 77
28 29 69
30 30 68
30 27 64
32 25 62
34 25 58
37 28 56
41 27 51
44 30 50
47 30 44
50 31 43
53 33 41
56 34 39
59 34 36
63 36 30
13 15 80
14 15 75
22 22 63
25 29 51
26 35 43
28 41 34
35 51 35
44 58 34
48 62 34
50 69 43
48 72 54
49 76 63
49 82 74
49 86 80
48 88 92
45 89 100
40 86 106
37 81 110
34 77 113
34 78 112
41 84 111
48 89 104
54 92 98
55 90 97
54 85 95
55 83 92
51 77 89
52 73 85
49 66 81
48 65 81
47 58 76
47 56 74
43 48 71
41 45 66
35 40 68
32 41 73
27 40 75
25 41 79
19 41 85
18 40 85
14 40 87
12 41 90
9 39 92
8 37 94
6 37 98
7 35 96
10 34 93
15 34 87
18 32 84
23 32 75
26 31 72
28 30 68
29 27 62
32 27 61
35 29 60
38 31 58
41 32 53
44 33 50
47 34 48
50 35 46
54 36 42
58 39 39
60 39 38
63 41 35
15 16 75
18 22 72
24 28 60
26 36 56
27 41 47
28 46 41
39 57 38
49 66 37
49 68 40
48 70 48
48 77 61
49 81 69
47 84 82
46 89 94
45 87 96
42 82 103
40 80 106
35 74 111
35 75 113
34 74 110
40 78 108
49 85 103
57 89 94
61 95 97
60 90 92
59 86 91
58 81 88
58 79 86
56 72 81
56 69 78
56 65 75
52 60 72
50 53 68
46 48 66
39 43 68
34 40 70
31 40 71
27 39 75
25 39 77
21 39 81
19 40 82
14 39 85
12 40 89
10 39 90
10 39 94
8 37 95
9 35 94
13 34 88
17 35 85
21 33 77
25 31 73
27 31 69
31 33 65
33 32 64
36 34 60
40 35 59
43 37 56
45 37 53
49 39 48
53 40 45
56 42 42
59 43 42
62 44 39
66 45 36
16 17 73
22 28 72
26 35 62
27 38 53
29 47 49
31 54 45
40 58 35
49 68 39
50 71 41
49 76 52
49 83 64
50 87 74
46 87 88
45 86 92
45 83 93
39 76 101
37 72 103
35 69 108
34 70 109
35 71 106
42 72 100
49 78 99
59 84 86
63 91 88
65 93 89
63 88 88
64 85 84
64 79 79
64 77 79
61 70 74
63 71 71
59 64 69
54 54 66
47 51 70
44 46 65
40 43 68
36 38 65
32 40 73
27 39 75
25 40 78
20 39 82
17 39 85
17 39 83
13 39 90
10 38 92
9 38 93
10 36 91
12 35 89
13 32 86
18 34 83
24 36 75
29 36 72
31 36 68
35 38 66
38 39 63
41 40 60
43 40 59
48 42 55
50 43 51
54 46 50
57 46 47
60 47 44
63 48 41
67 50 38
19 24 75
27 36 70
28 41 62
30 47 55
33 55 48
35 60 46
42 64 43
48 69 40
50 77 46
48 78 57
47 81 64
47 90 83
46 86 86
41 78 91
39 75 98
38 71 96
34 66 102
33 63 103
33 62 101
37 64 102
40 67 100
47 73 93
53 77 88
63 84 80
66 88 83
71 91 80
71 85 76
69 84 79
68 78 75
68 75 73
67 73 72
67 68 64
59 59 65
54 56 68
49 49 62
46 46 63
39 40 64
37 41 69
32 38 69
28 42 76
25 39 77
22 39 79
18 39 83
16 39 85
13 39 89
11 40 92
12 36 89
13 36 88
14 35 86
19 38 83
23 39 78
28 41 74
33 41 68
36 43 67
39 43 65
42 45 62
45 45 60
48 47 56
51 48 55
55 49 48
58 51 48
62 52 44
63 53 44
67 56 43
22 32 79
30 40 68
32 49 63
32 53 56
31 56 50
39 66 46
45 70 49
49 76 47
50 82 54
48 83 63
46 86 76
44 82 79
40 77 86
38 73 89
35 69 98
33 64 96
30 59 101
31 56 98
33 56 97
39 59 95
41 60 90
45 64 86
53 70 81
62 75 70
66 79 72
72 85 75
75 91 77
76 87 74
76 84 73
72 81 72
73 75 68
74 73 63
64 63 63
58 56 63
54 53 64
48 48 63
43 43 62
39 41 66
35 42 70
32 39 70
29 40 73
25 37 75
21 39 82
18 39 83
17 40 87
14 38 90
14 39 90
14 38 88
16 38 86
19 39 85
24 41 80
29 43 74
33 45 72
37 46 70
40 48 68
43 48 64
47 51 61
49 51 58
53 52 56
56 53 50
59 56 50
62 57 46
66 58 44
69 58 41
26 39 79
32 48 68
35 56 62
34 59 55
35 62 48
42 66 36
48 76 47
47 79 55
48 81 57
46 83 68
43 78 73
39 73 78
37 70 84
34 65 88
31 60 93
27 55 96
28 53 95
29 53 96
32 51 92
37 53 91
40 54 87
45 57 78
52 61 73
58 67 67
65 71 63
70 79 69
75 85 71
79 90 71
83 87 68
80 82 65
80 80 65
76 72 60
70 68 62
65 63 61
60 57 62
54 53 61
50 49 62
45 42 60
41 42 64
37 40 66
33 40 68
28 39 75
25 41 79
22 40 79
18 42 88
16 43 92
15 42 90
15 42 91
15 40 88
20 42 85
24 43 81
29 45 77
34 46 71
38 49 69
42 52 66
46 53 63
48 55 63
52 56 58
54 59 58
58 60 51
60 60 51
65 62 48
67 63 46
71 64 43
30 46 76
34 53 68
35 57 58
38 67 56
42 70 42
45 72 38
49 80 45
47 81 53
46 79 58
42 75 64
39 70 68
37 65 72
33 60 77
30 56 83
27 51 89
25 47 92
27 47 88
26 46 92
30 45 89
36 48 86
41 47 75
46 50 72
51 54 66
58 58 61
66 66 54
68 71 60
74 77 60
80 81 61
84 87 64
86 85 62
84 81 58
80 77 62
74 71 61
70 67 61
62 61 64
58 57 63
56 52 60
49 47 62
43 40 62
40 39 63
36 41 69
32 41 72
27 41 78
21 43 86
18 44 88
19 46 92
16 43 91
16 44 93
15 43 90
20 45 88
24 44 83
28 46 82
33 48 74
38 50 71
42 52 69
46 54 66
49 57 62
52 59 61
54 61 60
59 64 56
62 64 53
65 68 51
68 67 47
71 69 46
34 54 78
35 59 70
36 63 61
38 70 56
44 76 46
48 79 42
46 79 47
45 78 52
41 72 60
38 67 60
34 62 68
31 58 74
29 53 77
26 48 82
22 43 88
22 41 89
22 39 89
25 39 85
29 39 81
35 42 78
40 43 69
44 45 68
48 45 59
55 51 56
63 58 54
70 61 49
76 69 51
78 75 56
84 81 58
88 86 58
87 85 61
86 83 60
80 75 60
73 69 62
69 64 59
64 59 60
60 57 63
52 49 59
49 46 61
43 40 60
38 44 69
33 42 72
29 45 80
23 45 87
22 49 91
19 48 93
19 47 92
18 46 93
19 46 89
20 46 90
25 48 84
29 49 81
35 53 76
38 52 71
42 54 68
48 57 65
52 60 61
54 61 61
58 63 59
60 65 58
63 67 54
66 70 52
69 72 48
70 70 44
36 58 77
40 67 69
39 71 63
43 75 54
46 79 46
49 83 42
46 77 44
43 72 45
38 65 53
34 59 58
32 56 64
28 49 71
25 44 74
23 41 79
18 36 85
20 36 83
21 35 85
25 33 75
30 34 73
35 36 68
37 36 64
42 39 60
47 41 55
54 44 47
62 49 44
69 54 39
74 60 41
77 66 46
82 72 47
87 78 50
90 83 54
89 83 57
84 78 58
79 74 59
75 70 60
69 62 59
64 61 63
58 54 58
53 51 62
44 44 64
39 46 70
34 45 74
29 49 83
24 48 88
22 51 94
21 51 93
21 51 92
20 48 92
19 49 93
22 50 91
25 52 88
29 51 84
35 55 81
38 54 72
44 58 70
47 58 66
52 61 63
56 62 61
60 65 57
61 67 59
65 69 55
68 72 51
70 71 47
69 67 41
40 68 79
42 72 68
44 79 65
45 79 56
49 82 49
48 75 34
44 69 35
41 65 40
37 59 49
32 53 55
28 48 66
26 44 69
22 39 76
19 34 80
18 32 82
18 30 81
19 29 83
21 28 80
27 30 73
33 32 67
36 32 62
41 35 56
47 35 48
51 38 45
59 43 44
68 48 34
72 55 37
76 59 39
83 64 38
87 71 44
88 76 47
92 84 55
88 81 58
84 79 60
79 72 59
73 69 62
66 64 64
61 61 62
53 56 68
46 51 68
40 48 73
36 52 80
29 50 84
27 53 89
23 52 94
22 53 95
21 52 96
22 53 95
20 51 94
24 54 92
27 55 92
32 56 85
36 57 82
40 59 76
44 60 74
47 61 69
53 64 66
57 66 64
61 67 59
63 70 59
67 72 54
71 74 52
67 67 42
67 64 36
43 76 86
44 84 80
45 86 75
45 80 61
45 74 46
43 66 35
41 62 35
38 56 36
33 50 44
29 45 53
25 40 60
20 34 70
17 31 80
16 28 84
16 26 78
17 25 81
17 24 79
20 23 76
25 25 73
32 26 64
35 27 60
40 29 55
45 32 48
48 32 43
56 36 37
64 42 32
72 45 26
77 49 27
81 55 32
84 62 39
87 68 40
88 76 50
92 84 56
88 85 60
82 81 64
76 77 66
70 73 66
63 70 71
55 64 74
50 62 76
41 57 80
37 55 84
33 56 86
29 58 92
24 58 97
24 58 99
23 55 98
22 56 99
23 57 97
26 58 95
30 59 90
33 61 88
37 61 82
41 64 79
46 64 75
50 67 74
55 68 68
59 71 67
64 71 59
67 75 58
69 73 51
68 68 43
66 64 38
65 58 29
45 84 90
45 88 84
44 82 72
43 75 60
42 68 47
41 60 34
39 55 28
35 48 31
33 45 38
27 39 49
24 36 57
19 30 68
14 24 76
14 22 80
14 21 81
15 20 79
16 20 78
19 19 76
24 20 71
29 22 66
33 24 59
37 25 57
43 27 49
49 29 40
52 30 35
60 34 29
69 40 25
76 45 25
79 49 26
82 56 34
84 61 35
86 69 44
87 80 57
86 85 63
84 87 68
77 81 67
70 79 72
63 72 72
57 72 78
51 66 78
43 64 84
37 58 84
33 59 87
28 60 93
26 61 98
24 59 98
25 61 101
24 60 99
26 61 99
29 61 93
33 64 90
36 64 84
41 66 81
43 65 77
48 68 76
52 71 72
58 73 67
61 72 64
66 76 60
70 76 55
69 71 45
67 64 37
67 61 32
64 55 22
46 86 92
43 81 82
43 76 71
41 69 59
40 62 45
39 55 33
37 49 24
35 45 29
30 39 35
25 34 45
23 30 55
17 24 64
16 22 69
14 20 76
13 19 82
15 19 79
14 16 78
18 18 75
22 19 71
26 20 65
31 21 62
35 21 54
40 23 49
46 24 37
51 26 33
56 29 29
63 33 24
71 39 20
75 42 21
79 49 25
79 56 35
81 65 42
83 76 55
83 83 64
81 87 70
79 88 71
72 86 76
66 81 79
60 78 80
51 73 85
46 72 89
39 64 88
32 63 93
29 63 97
26 64 100
26 64 101
27 66 103
24 61 100
29 66 100
32 66 95
35 69 94
38 67 87
41 70 85
46 71 80
50 73 76
55 74 73
59 76 70
63 77 66
68 77 59
69 73 51
68 67 40
66 61 33
67 59 25
64 55 25
41 82 98
40 77 86
39 69 73
38 62 60
37 57 49
37 51 35
34 44 25
32 39 27
28 33 36
24 29 44
19 24 55
16 20 61
15 20 69
14 19 73
13 18 80
11 17 86
12 15 83
16 17 77
21 18 74
25 19 66
29 19 63
34 20 54
39 21 50
43 22 44
48 23 34
54 26 28
61 30 26
68 34 19
70 38 24
74 46 28
74 52 35
76 61 43
78 73 56
77 79 62
77 84 69
76 89 73
73 89 79
68 88 83
58 81 85
54 80 89
47 75 90
39 72 95
32 65 94
31 67 97
28 68 104
27 67 102
26 67 104
28 67 102
31 70 100
34 70 96
37 70 93
42 72 84
44 74 84
49 76 81
53 76 76
57 79 74
62 80 70
66 80 64
65 73 52
68 71 44
68 65 36
65 59 28
62 55 31
60 51 27
38 78 100
37 71 88
36 64 76
35 58 61
36 52 48
34 44 36
32 40 28
31 33 23
26 29 34
23 24 42
17 19 51
17 19 57
15 18 64
13 17 68
12 16 75
12 15 82
11 15 85
13 15 81
18 16 74
23 16 67
28 18 61
33 19 55
36 20 52
41 21 46
47 22 34
52 23 30
55 25 26
60 30 25
62 34 30
66 41 33
67 48 38
70 57 44
71 68 53
72 74 61
73 81 70
72 87 77
71 90 79
71 96 86
61 88 87
57 87 92
48 80 91
42 79 99
35 72 98
31 70 101
29 72 103
28 70 104
27 69 103
31 72 99
35 73 98
38 74 93
40 75 91
44 77 88
47 79 84
51 80 82
55 80 77
60 83 73
63 82 66
66 81 61
67 75 51
68 68 40
67 64 33
60 54 33
59 51 29
57 48 30
36 73 101
35 67 90
35 60 75
33 53 65
32 48 52
30 39 39
31 33 27
30 28 18
25 25 29
20 20 40
19 17 43
17 17 53
15 16 59
14 15 66
14 15 70
12 15 76
12 14 81
12 13 81
17 13 71
21 15 66
26 16 62
30 18 57
35 19 51
40 20 46
42 21 43
48 23 34
49 22 28
54 26 29
57 30 33
60 36 36
61 44 39
64 54 47
68 64 52
67 70 59
69 80 70
68 85 78
68 88 79
66 94 90
64 96 92
56 91 96
50 88 99
43 82 101
38 80 103
31 74 107
31 75 106
29 73 106
31 75 105
33 75 102
36 77 98
39 76 94
43 78 91
44 79 89
49 83 85
53 84 83
57 85 78
60 83 73
64 82 66
65 77 56
67 74 50
61 63 46
62 60 39
57 51 35
55 48 33
53 44 33
33 67 99
31 59 88
31 55 76
31 48 63
29 41 51
29 35 39
28 29 28
26 23 20
22 19 29
19 17 39
18 15 43
17 15 51
16 15 54
13 14 65
13 14 71
12 13 76
11 13 78
10 12 80
15 13 76
19 13 71
24 15 63
28 16 58
32 18 55
36 20 52
40 21 46
44 22 41
46 22 36
47 24 39
50 26 38
54 34 42
56 42 49
57 48 52
60 60 56
63 69 62
63 74 69
64 82 77
62 86 84
63 91 87
60 94 92
57 97 101
50 92 101
45 90 103
39 84 106
33 81 110
30 77 109
31 78 106
33 77 104
36 79 101
40 81 98
42 82 96
45 82 92
49 85 90
51 84 86
56 89 81
58 85 75
62 86 70
62 79 60
64 75 53
61 69 54
58 60 44
57 52 41
57 49 31
51 39 30
48 33 25
32 62 98
30 55 88
28 48 76
27 41 65
27 37 54
27 31 41
26 25 30
26 20 21
21 16 28
20 16 34
18 14 38
16 13 47
16 13 51
15 13 57
13 12 68
13 11 67
12 11 72
10 10 78
13 12 78
19 14 69
21 14 68
25 16 64
29 16 59
32 18 54
36 20 51
40 21 47
40 21 44
42 21 42
42 22 44
46 28 48
49 38 52
50 43 55
53 55 61
56 64 68
57 71 72
59 79 78
58 83 84
58 89 87
57 91 92
55 97 101
53 98 106
47 95 107
40 90 109
37 88 112
32 82 112
33 81 106
37 82 103
39 84 101
41 83 96
45 86 95
48 86 89
52 89 90
54 89 86
58 90 80
60 88 73
63 88 69
59 78 64
60 70 53
59 63 47
55 50 38
52 44 37
52 39 27
47 30 22
44 26 21
31 58 97
26 49 93
26 43 78
26 37 64
24 30 54
25 25 40
25 21 31
23 16 26
21 14 26
20 13 26
18 13 34
18 13 41
16 12 49
15 11 54
14 10 62
13 9 63
11 9 68
10 8 69
11 10 74
14 12 76
18 13 70
21 15 67
24 16 68
28 17 58
31 18 56
34 19 53
36 19 49
37 20 49
38 20 50
38 25 52
42 32 55
42 39 60
47 51 66
49 61 73
50 66 75
53 76 83
54 82 86
53 85 89
53 90 95
52 95 102
51 97 106
47 100 113
43 99 116
37 92 115
35 90 117
35 84 109
39 88 105
41 88 103
45 88 97
47 90 97
52 91 92
53 92 90
56 91 85
59 89 77
62 86 68
60 80 63
61 73 56
59 61 47
58 54 39
50 42 37
48 36 32
45 29 27
42 22 17
39 17 18
29 54 96
24 46 94
23 39 83
23 33 67
23 26 52
21 19 44
22 15 32
21 13 28
20 12 28
20 12 26
20 12 30
18 11 37
17 10 42
16 9 50
14 9 55
14 8 59
13 8 61
12 9 66
12 9 71
12 11 76
14 12 73
18 14 71
22 15 66
25 17 66
28 18 62
29 18 59
30 18 59
31 17 57
33 19 55
32 22 59
35 28 59
36 35 62
40 47 70
42 55 76
43 63 80
45 70 89
48 78 91
47 83 96
49 90 96
47 90 99
46 96 109
44 97 112
44 102 119
39 99 119
37 95 119
39 93 111
41 90 107
43 91 102
47 92 97
52 93 90
55 89 83
57 90 83
58 86 74
60 84 69
59 76 60
59 72 56
58 64 49
56 53 39
52 45 35
46 33 29
44 27 24
42 21 21
38 14 16
35 10 11
27 48 92
22 40 90
20 35 84
20 27 69
19 20 55
19 16 45
19 11 36
19 11 31
20 11 26
18 10 27
18 9 30
18 9 35
16 8 41
14 8 50
15 9 51
13 8 56
12 9 61
12 9 65
11 9 71
10 10 75
11 11 75
14 13 79
17 14 73
21 16 70
24 17 66
25 18 67
25 18 68
27 17 62
28 17 63
29 19 65
29 25 67
30 31 70
34 42 73
37 51 81
37 58 84
39 66 91
40 71 94
41 80 100
42 85 103
43 87 102
43 94 108
43 96 111
41 100 116
38 103 123
40 102 119
44 98 109
47 92 99
50 92 91
53 90 83
56 90 82
57 89 78
58 86 73
59 81 67
61 79 64
57 69 60
58 64 48
56 55 40
50 45 39
47 37 32
45 29 26
40 18 20
38 15 19
32 9 13
32 9 7
25 44 93
18 36 93
15 28 89
15 22 74
15 17 61
16 12 49
20 11 36
20 11 32
19 9 31
18 8 27
18 7 26
17 7 29
17 9 39
16 9 46
15 8 49
13 8 54
13 9 58
12 9 63
13 10 65
11 10 72
11 10 74
12 12 78
14 13 77
17 14 74
18 15 74
19 16 75
20 16 75
21 16 75
23 16 71
23 17 70
23 23 71
22 25 77
26 38 80
29 47 85
30 54 90
33 61 96
35 72 101
37 78 104
37 81 109
39 87 106
40 92 113
40 91 107
41 98 114
42 98 110
46 99 107
50 97 99
49 94 97
52 89 85
55 88 82
57 84 73
57 84 74
59 80 68
61 78 65
59 71 61
55 61 54
56 53 42
53 47 35
47 36 29
43 28 25
40 19 18
35 13 18
32 10 13
29 8 15
29 8 14
20 38 94
16 31 93
12 23 91
11 17 78
11 11 65
15 9 49
17 10 43
19 9 35
18 8 32
18 7 30
18 7 25
19 7 26
19 8 35
18 9 40
15 9 47
14 9 51
14 9 53
13 9 57
13 11 63
12 10 65
12 11 69
11 12 73
11 11 76
14 14 77
14 14 80
14 14 79
14 14 83
16 15 79
18 15 76
18 16 76
17 19 78
17 24 79
20 35 85
21 42 89
24 49 94
26 59 100
27 65 107
31 70 104
31 74 110
33 78 108
38 82 103
40 84 99
41 88 103
44 92 101
48 93 97
52 96 96
53 93 91
55 88 83
56 83 75
58 82 71
59 80 68
60 75 62
59 72 59
59 63 49
57 56 46
50 43 38
49 39 32
42 26 23
39 19 21
36 15 17
30 10 11
30 10 13
28 9 18
27 8 20
19 35 93
16 29 91
10 19 90
9 13 81
9 9 68
13 6 53
16 7 44
16 7 39
16 7 36
17 8 31
18 8 29
18 8 27
19 10 36
17 8 39
16 8 43
16 9 48
14 10 52
14 10 57
13 11 60
12 10 65
12 12 69
11 11 72
10 11 76
10 12 80
10 13 86
10 12 88
10 14 90
11 14 86
11 14 89
13 14 82
13 17 83
13 22 86
14 29 87
15 35 89
17 44 95
19 49 97
24 56 98
26 61 102
30 67 100
33 69 97
37 71 93
38 77 93
42 80 91
44 82 90
46 85 91
49 87 89
54 88 81
55 85 78
56 79 69
58 76 65
61 75 60
63 71 55
57 61 49
56 54 44
54 47 37
47 35 34
45 30 24
36 19 16
32 13 12
31 12 10
28 11 15
27 10 18
28 10 19
26 9 24
17 29 89
13 21 88
8 16 89
6 10 83
8 5 68
11 6 55
15 7 46
16 7 42
16 7 37
17 8 34
18 8 28
19 9 27
19 9 31
17 9 36
16 9 40
16 10 47
16 10 46
15 10 52
14 10 56
13 10 62
13 11 64
12 11 68
11 12 71
9 12 79
9 13 85
8 13 90
8 13 90
9 13 91
9 13 94
10 14 88
10 14 84
8 17 86
9 23 89
10 28 88
14 34 89
18 40 91
22 46 90
26 54 93
30 58 89
31 60 92
33 65 95
38 70 87
40 71 83
42 73 83
45 76 83
49 79 80
52 76 72
53 78 76
54 72 70
58 72 59
60 69 53
59 63 50
56 53 43
53 44 38
50 40 34
42 26 28
37 21 22
32 17 16
29 12 13
27 11 17
26 11 21
26 11 24
26 10 25
24 9 30
16 26 89
12 19 87
7 12 84
4 7 81
7 5 72
11 7 60
15 9 52
15 8 48
16 9 40
17 8 37
18 9 32
18 9 29
19 9 31
19 9 32
18 10 36
17 10 41
17 10 42
16 11 47
15 10 51
15 12 56
14 12 58
13 12 62
11 12 69
11 13 77
9 13 82
8 13 89
8 14 90
7 13 92
8 13 89
8 13 86
9 11 80
10 13 80
10 18 83
13 22 78
14 27 82
19 32 79
21 39 82
24 44 85
29 49 84
31 55 84
33 57 82
37 60 78
40 62 74
41 67 77
44 67 71
47 68 69
48 67 68
51 67 63
55 67 57
57 65 51
57 61 48
57 54 40
53 44 35
48 34 31
45 31 29
36 21 19
32 17 15
31 15 13
27 12 17
28 12 19
25 11 23
24 11 28
25 11 27
23 10 36
14 20 87
11 16 85
8 11 81
6 7 78
6 5 72
10 7 63
12 8 57
15 8 48
15 9 45
16 10 39
17 10 35
18 10 33
18 9 31
18 9 31
18 9 34
17 10 37
17 11 41
16 11 48
15 11 50
15 12 53
14 12 58
13 12 61
13 13 65
11 12 70
9 12 74
9 13 78
7 12 79
8 13 84
8 12 82
9 12 80
11 12 75
12 11 72
13 13 75
14 15 74
19 22 70
21 27 69
22 31 75
27 36 71
28 40 74
31 46 74
31 48 75
34 49 70
39 58 70
41 58 66
42 56 63
45 55 56
47 57 56
50 58 53
53 57 49
56 59 48
55 52 40
54 46 33
49 37 30
43 30 27
38 25 21
32 19 15
30 16 18
29 13 18
28 12 19
26 12 21
26 12 25
24 12 30
23 11 33
22 11 38
14 20 86
12 15 82
8 10 79
6 7 79
5 6 76
9 8 66
12 9 59
13 9 53
15 10 48
15 10 45
16 10 41
18 11 37
17 9 32
18 10 33
17 10 35
17 10 36
17 11 41
17 11 43
16 11 43
16 12 49
15 11 47
14 11 48
13 13 56
12 11 57
12 12 61
11 12 63
10 12 70
10 13 75
9 11 74
11 12 76
11 12 75
14 12 66
16 11 63
17 13 62
19 16 62
22 21 62
26 26 62
29 31 63
31 37 65
31 39 66
32 39 63
34 45 66
38 47 57
39 46 56
42 46 49
44 48 50
47 49 45
49 48 42
51 50 44
53 47 38
51 41 30
46 35 25
44 33 23
36 24 15
35 22 14
31 17 18
30 16 20
28 13 22
28 13 21
26 12 25
26 13 29
23 12 33
22 12 37
20 11 41
14 18 82
11 14 78
9 11 77
6 6 74
5 7 77
9 8 70
12 10 61
13 9 55
14 10 53
15 10 45
16 11 44
17 11 40
16 11 36
17 11 34
17 11 38
18 11 33
17 10 32
18 10 29
18 11 35
16 10 33
15 10 35
16 11 38
14 11 45
13 11 46
14 11 50
13 10 52
13 11 57
13 11 59
12 10 63
12 11 68
13 12 67
16 11 58
16 10 57
16 9 60
19 14 59
22 16 53
27 21 55
29 28 62
32 32 59
32 33 59
34 34 55
32 36 61
33 36 53
36 37 48
40 39 45
41 38 44
45 40 40
47 39 35
48 38 34
45 34 30
39 29 25
39 29 19
37 27 16
32 22 16
32 20 19
31 18 21
28 15 23
27 13 24
24 12 31
25 13 30
24 13 34
21 12 39
20 11 42
19 12 43
15 17 77
11 12 75
9 9 74
8 7 73
7 9 76
8 9 74
11 10 65
12 10 59
14 11 53
14 11 51
15 12 47
15 11 44
16 10 39
15 10 37
17 11 31
17 10 26
16 9 25
17 9 25
18 10 24
17 9 23
16 9 23
16 10 29
16 10 31
16 9 32
15 10 42
15 11 45
17 11 43
15 9 48
14 10 54
15 11 57
15 11 58
15 10 60
18 10 53
17 9 53
19 9 48
22 12 44
25 17 49
29 23 50
33 27 50
35 28 48
34 29 50
35 28 48
36 29 44
37 32 42
40 32 38
41 31 36
43 32 30
43 33 30
39 28 24
37 27 22
35 25 18
33 24 15
33 23 16
31 21 18
30 19 20
30 17 23
28 13 23
26 12 29
24 13 33
25 12 31
23 12 37
21 12 42
20 13 47
20 12 48
14 16 76
12 12 73
9 8 71
8 8 72
6 8 76
7 9 76
11 11 68
11 11 66
11 11 58
13 11 54
12 10 54
13 10 48
13 9 44
15 10 40
15 9 33
15 9 30
17 10 26
15 9 23
17 9 17
17 8 16
17 8 16
19 9 15
20 9 16
18 9 24
18 9 28
19 10 30
17 9 33
17 10 40
17 10 39
18 10 43
17 9 45
16 9 55
19 9 46
20 9 43
22 9 38
22 9 43
26 14 38
30 19 40
34 23 39
34 24 40
33 22 40
35 24 37
36 26 34
37 27 36
40 29 27
40 28 23
40 30 25
38 27 20
34 24 16
32 22 9
33 22 13
30 19 18
30 20 19
30 19 22
29 17 23
27 15 28
25 12 30
25 12 33
24 13 37
21 11 42
23 12 40
20 11 46
19 12 52
18 11 53
16 15 72
12 11 71
10 7 68
9 7 66
8 10 73
6 9 78
8 10 70
9 11 66
9 11 64
10 10 62
10 10 57
11 9 51
11 8 48
13 10 41
13 8 37
14 9 34
15 9 31
17 9 23
16 7 22
18 8 15
19 8 15
19 7 11
20 7 10
21 8 11
21 8 15
22 8 15
19 8 25
21 8 24
21 9 26
21 9 29
19 9 36
20 10 40
20 9 40
21 9 38
22 8 36
23 9 38
25 11 32
30 15 31
32 20 36
32 19 32
33 20 30
34 21 29
33 23 32
35 24 29
36 25 22
36 25 20
34 24 19
32 22 11
30 19 11
29 19 16
28 18 19
27 16 23
28 17 22
25 14 28
24 13 30
24 12 31
23 10 36
22 10 41
22 11 43
19 10 49
20 11 48
18 10 53
16 9 57
15 10 60
14 12 65
12 7 61
12 8 61
9 8 63
8 9 69
7 10 74
6 10 75
6 10 72
7 10 67
7 9 64
7 10 63
9 10 56
9 9 53
9 8 47
10 7 43
12 8 37
13 8 33
14 7 29
17 8 25
17 7 19
18 7 18
19 7 17
19 7 16
20 7 13
20 6 12
21 7 9
21 7 14
22 7 13
22 7 18
23 8 22
22 8 26
22 8 27
22 8 34
23 8 30
24 8 29
24 8 29
25 8 25
29 11 23
31 15 23
31 15 21
32 16 19
32 19 25
33 21 23
32 21 19
32 21 15
33 23 12
30 19 8
29 19 12
27 16 17
26 16 21
26 14 21
24 13 26
24 12 29
24 11 29
23 10 32
23 10 36
21 10 41
21 10 44
21 10 47
19 11 55
17 10 57
18 10 58
16 10 61
14 9 66
15 10 57
13 6 51
12 8 53
10 9 59
8 10 65
7 10 69
5 9 74
5 10 75
5 9 74
5 9 70
6 8 64
7 9 60
8 8 56
9 9 52
10 8 46
11 7 41
13 7 36
13 7 35
16 8 30
16 7 28
17 7 26
18 6 22
19 6 17
19 6 20
20 6 17
21 6 13
21 5 12
20 5 13
21 5 10
21 6 13
21 6 13
21 6 18
22 7 19
22 7 27
24 7 23
25 8 21
25 6 18
27 7 12
27 9 14
27 12 15
29 15 16
29 16 16
28 16 15
29 17 13
29 17 10
30 18 7
26 15 14
26 15 18
25 13 21
24 12 22
24 12 25
23 11 28
21 11 34
22 10 33
21 10 39
21 9 40
19 9 47
18 9 51
19 10 53
17 9 61
17 9 61
16 9 63
13 8 68
13 9 72
15 8 48
14 6 44
12 8 48
10 8 53
9 9 58
7 9 65
5 8 71
5 9 73
2 8 76
3 8 72
4 8 70
5 7 63
8 8 58
8 8 55
9 8 52
11 8 46
12 8 44
14 8 41
14 8 39
15 7 36
16 7 33
16 6 29
17 6 27
18 6 26
19 5 20
20 5 19
20 5 19
20 6 18
21 4 14
21 4 14
20 4 13
21 4 14
20 5 16
20 5 18
20 5 21
21 5 16
21 4 16
22 5 14
23 8 10
25 10 10
25 11 11
25 12 8
25 14 8
26 15 10
25 14 12
24 13 17
24 12 20
24 12 21
22 12 26
21 11 30
21 11 32
20 10 36
20 10 40
19 10 43
19 9 46
18 9 48
18 9 51
16 8 56
16 8 60
14 7 64
14 7 69
13 8 74
12 7 73
10 8 79
16 7 38
14 7 38
12 7 44
11 8 48
9 8 54
8 8 62
6 8 66
5 8 70
4 8 71
4 8 73
3 7 72
5 6 66
6 7 63
7 6 59
9 7 56
10 7 54
11 7 51
12 8 50
13 8 48
15 9 44
15 7 40
16 7 36
17 7 35
17 6 29
17 5 29
19 5 25
18 4 25
20 4 20
21 4 20
21 4 18
22 5 16
22 4 15
21 5 17
20 4 17
20 4 16
18 2 17
19 3 14
19 4 12
22 6 9
23 10 11
23 10 10
24 12 11
23 13 12
23 13 16
22 13 21
21 12 26
22 11 24
22 11 27
21 11 31
20 11 32
20 11 39
18 9 41
18 10 44
17 9 49
17 9 51
16 8 53
15 8 58
15 7 60
15 7 64
13 7 71
12 7 75
11 7 79
10 7 80
9 6 82
16 7 31
14 6 34
12 8 40
11 8 46
9 7 52
7 7 59
8 7 62
6 6 65
6 8 68
6 7 68
5 7 69
4 7 71
5 6 68
7 6 63
8 7 64
9 8 61
10 8 60
12 10 57
12 8 57
13 8 50
14 8 49
15 7 45
16 7 42
17 6 37
16 5 37
17 5 35
19 5 28
19 4 28
20 4 27
20 4 21
21 4 22
21 4 20
22 4 18
20 3 19
20 4 21
18 3 21
18 5 23
19 6 22
19 7 18
22 10 16
22 11 17
23 13 16
21 13 21
22 13 23
20 12 27
20 12 32
18 11 35
20 11 34
19 10 35
18 11 40
18 10 41
17 9 45
15 9 51
16 9 53
14 8 60
14 8 59
14 8 63
12 7 69
12 7 72
12 6 72
11 6 79
11 6 81
9 6 85
9 6 84
17 7 26
15 7 30
13 6 34
11 6 41
11 8 49
10 7 55
9 6 59
8 6 61
8 6 62
7 6 64
7 6 65
7 7 69
6 8 73
6 8 75
7 8 72
8 8 70
10 9 68
11 10 67
11 8 64
12 8 59
13 8 58
14 8 55
14 6 50
14 6 48
15 6 46
16 5 41
16 5 40
18 5 36
18 4 34
19 4 30
20 4 28
20 3 26
20 2 22
19 2 24
19 3 24
19 5 26
19 7 28
17 8 29
19 9 26
20 9 23
20 10 23
21 12 23
19 12 28
19 12 31
19 11 34
18 12 37
16 10 42
17 10 42
17 10 42
16 10 48
14 9 52
15 9 52
14 8 56
13 8 61
11 7 66
12 7 66
12 7 68
10 7 76
10 6 78
10 7 81
9 6 87
9 6 87
10 6 85
11 6 83
18 7 21
15 7 25
13 6 30
12 7 39
11 6 43
11 6 50
10 5 54
11 6 56
9 5 59
9 6 61
9 7 65
8 7 69
7 9 75
7 9 78
7 9 80
7 9 78
9 10 77
11 10 73
11 9 68
11 8 67
11 7 65
12 7 61
14 7 57
14 7 56
15 6 51
14 6 51
16 6 48
16 4 45
17 5 40
18 5 39
19 4 36
19 3 31
18 2 31
18 2 30
19 5 29
20 6 29
19 7 33
18 9 33
18 10 33
18 10 33
19 11 29
18 12 31
17 11 34
18 12 35
16 11 40
15 11 44
15 10 45
15 11 50
15 10 49
14 9 54
13 9 56
13 9 60
12 8 66
11 9 68
10 8 72
9 8 78
9 7 80
8 7 86
8 7 88
9 8 87
10 8 87
12 8 86
13 9 85
13 8 84
18 7 16
15 6 21
14 6 28
13 6 34
14 6 39
13 5 46
13 5 50
12 6 53
12 6 57
10 6 60
11 7 65
10 8 69
10 9 74
10 10 77
8 11 82
7 11 87
8 10 85
8 10 80
10 10 77
10 9 76
11 8 71
12 8 68
12 7 68
12 7 66
14 7 60
14 6 58
15 6 55
15 6 53
16 5 49
17 4 46
17 4 44
16 3 42
17 3 40
17 5 39
17 6 42
18 8 41
19 10 38
18 11 40
17 11 42
17 11 38
18 12 36
16 12 39
15 11 41
16 12 42
14 11 48
14 11 49
14 11 53
12 10 58
13 11 58
12 10 64
11 10 65
11 10 69
10 9 76
10 10 79
9 9 80
7 9 90
8 9 89
9 9 88
10 9 87
11 10 87
12 9 85
13 10 84
14 10 84
15 10 84
18 7 15
15 6 21
15 6 25
15 5 31
14 4 37
14 4 44
14 5 49
14 6 53
13 7 58
12 8 62
12 8 65
12 9 69
11 9 73
10 10 78
10 11 82
10 12 86
10 11 86
9 10 87
8 9 86
10 10 82
10 8 80
10 8 78
11 8 76
12 7 70
13 7 68
12 6 67
14 6 61
15 6 59
15 6 58
14 5 57
15 4 53
14 4 52
16 6 50
16 7 52
16 8 52
17 11 48
18 11 49
18 12 49
17 13 47
16 13 47
14 13 50
14 12 47
13 12 52
13 12 53
11 12 60
11 11 61
11 12 65
9 11 70
10 11 71
11 11 70
9 10 76
9 10 79
7 9 87
6 10 91
8 10 90
9 10 89
10 11 89
11 11 88
12 10 87
13 11 86
13 11 86
14 11 86
15 11 85
16 12 84
18 8 16
16 7 22
17 7 27
16 6 33
16 5 37
17 6 43
16 7 49
16 7 53
15 7 58
15 9 61
14 9 65
14 10 69
13 10 73
13 12 79
11 11 82
12 13 85
11 12 85
11 12 86
11 10 85
10 10 86
10 10 86
9 9 87
11 8 81
11 7 79
11 7 78
12 7 75
13 7 70
13 6 68
12 5 69
14 5 62
13 4 63
14 5 61
14 7 61
15 9 61
15 10 59
16 12 60
16 13 59
16 14 60
16 14 57
15 14 56
13 13 57
13 13 54
12 13 60
11 12 64
10 13 70
10 12 71
10 13 74
8 11 79
7 11 82
9 11 81
7 11 86
6 11 91
6 11 92
8 11 90
9 12 90
9 12 90
11 12 88
13 12 87
14 13 86
14 13 86
14 12 85
17 14 84
17 13 84
17 13 84
